name	lig_cov	poc_cov	lig_name	volume	enclosure	surface	depth	surf/vol	lid/hull	ellVol	ell c/a	ell b/a	siteAtms	accept	donor	hydrophobic_interactions	hydrophobicity	metal	Cs	Ns	Os	Ss	Xs	negAA	posAA	polarAA	apolarAA	ALA	ARG	ASN	ASP	CYS	GLN	GLU	GLY	HIS	ILE	LEU	LYS	MET	PHE	PRO	SER	THR	TRP	TYR	VAL	simpleScore	drugScore
P_0	0.00	0.00	""	583.94	1.00	666.59	18.19	1.141538514230914	-	-	0.12	0.36	118	  36	  12	  23	0.32	   0	  85	  14	  16	   3	   0	0.11	0.11	0.21	0.57	   1	   1	   1	   2	   1	   1	   1	   1	   0	   2	   6	   2	   2	   1	   2	   0	   2	   0	   0	   2	0.34	0.808277
P_1	0.00	0.00	""	411.45	1.00	615.33	15.82	1.495515858549034	-	-	0.06	0.17	96	  30	  10	  27	0.40	   0	  67	  12	  17	   0	   0	0.19	0.14	0.19	0.48	   2	   0	   0	   1	   0	   0	   3	   2	   0	   1	   4	   3	   0	   2	   0	   0	   1	   0	   1	   1	0.24	0.715213
P_2	0.00	0.00	""	320.11	1.00	632.81	14.70	1.9768517072256409	-	-	0.07	0.16	76	  23	  11	  31	0.48	   0	  49	  13	  13	   1	   0	0.17	0.11	0.44	0.28	   0	   1	   1	   2	   0	   3	   1	   2	   0	   2	   0	   1	   1	   1	   1	   1	   0	   0	   1	   0	0.18	0.611006
P_3	0.00	0.00	""	273.06	1.00	590.71	13.36	2.1632974437852486	-	-	0.09	0.17	70	  17	  15	  21	0.40	   0	  49	  10	  10	   1	   0	0.06	0.24	0.35	0.35	   1	   2	   0	   0	   0	   0	   1	   3	   0	   2	   1	   2	   1	   0	   0	   1	   0	   0	   2	   1	0.10	0.547547
P_4	0.00	0.00	""	245.09	1.00	541.27	12.14	2.208454037292423	-	-	0.08	0.24	75	  18	   7	  38	0.60	   0	  52	  11	  12	   0	   0	0.00	0.13	0.27	0.60	   3	   2	   1	   0	   0	   0	   0	   1	   0	   1	   5	   0	   0	   0	   0	   1	   0	   0	   1	   0	0.15	0.511622
P_5	0.00	0.00	""	207.45	1.00	413.23	12.63	1.991949867437937	-	-	0.11	0.27	53	  10	   8	  25	0.58	   0	  40	   8	   5	   0	   0	0.14	0.29	0.14	0.43	   1	   2	   0	   1	   0	   0	   1	   1	   0	   1	   1	   2	   0	   0	   2	   1	   0	   1	   0	   0	0.10	0.4812
P_6	0.00	0.00	""	183.28	1.00	212.43	9.29	1.159046268005238	-	-	0.21	0.47	89	  23	   7	   9	0.23	   0	  59	  14	  15	   1	   0	0.11	0.16	0.26	0.47	   2	   2	   0	   2	   0	   0	   0	   0	   1	   0	   2	   0	   1	   0	   1	   3	   1	   1	   1	   2	0.00	0.33465
P_7	0.00	0.00	""	170.16	1.00	458.32	15.58	2.693464974141984	-	-	0.05	0.06	60	  22	   5	  25	0.48	   0	  43	   6	  11	   0	   0	0.00	0.07	0.47	0.47	   1	   1	   1	   0	   0	   0	   0	   1	   0	   1	   3	   0	   0	   1	   0	   2	   3	   0	   0	   1	0.01	0.570069
P_8	0.00	0.00	""	145.90	1.00	249.98	6.16	1.7133653187114462	-	-	0.33	0.59	32	  16	   6	   5	0.19	   0	  20	   5	   7	   0	   0	0.12	0.25	0.25	0.38	   1	   2	   1	   0	   0	   0	   1	   0	   0	   0	   2	   0	   0	   0	   0	   0	   0	   0	   1	   0	0.00	0.184437
P_9	0.00	0.00	""	133.21	1.00	383.69	10.62	2.880339313865325	-	-	0.10	0.17	36	  26	   7	   9	0.21	   0	  21	   5	  10	   0	   0	0.18	0.18	0.55	0.09	   0	   1	   0	   0	   0	   1	   2	   0	   0	   0	   1	   1	   0	   0	   0	   1	   3	   0	   1	   0	0.00	0.27464
P_10	0.00	0.00	""	123.63	1.00	230.33	5.50	1.8630591280433553	-	-	0.49	0.80	33	   8	   3	  14	0.56	   0	  27	   2	   4	   0	   0	0.00	0.12	0.50	0.38	   0	   0	   1	   0	   0	   0	   0	   1	   1	   1	   0	   0	   0	   0	   1	   0	   0	   1	   2	   0	0.00	0.152629
P_11	0.00	0.00	""	110.50	1.00	103.71	8.59	0.938552036199095	-	-	0.23	0.27	61	  12	   3	   1	0.06	   0	  49	   6	   6	   0	   0	0.07	0.13	0.07	0.73	   0	   1	   0	   0	   0	   0	   1	   0	   0	   3	   2	   1	   1	   0	   1	   0	   0	   3	   1	   1	0.00	0.267451
